 1856    0.237    0.171    0.242    0.161    0.214    0.236    0.249    0.226    0.293    0.143    0.154    0.248
 1857    0.233   -0.040   -0.056    0.026   -0.014    0.119    0.151    0.016    0.038   -0.115   -0.149   -0.264
 1858   -0.202   -0.295   -0.052    0.230    0.108   -0.021   -0.142   -0.053    0.089    0.167    0.293    0.141
 1859   -0.115   -0.102    0.078    0.167    0.105   -0.083   -0.163    0.081    0.098    0.146    0.078    0.100
 1860    0.133   -0.094    0.078   -0.051    0.187    0.321    0.247    0.057    0.013    0.128    0.010    0.159
 1861    0.018   -0.092    0.011    0.265    0.212    0.309    0.431    0.320    0.277    0.231    0.233    0.132
 1862   -0.011   -0.146   -0.056   -0.109   -0.165   -0.028   -0.277   -0.251   -0.240   -0.249   -0.336   -0.342
 1863   -0.130   -0.027    0.044    0.066    0.040   -0.026   -0.278   -0.284   -0.142   -0.218   -0.162   -0.100
 1864   -0.189   -0.339   -0.165   -0.019    0.088    0.131    0.277    0.363    0.211    0.141    0.203    0.204
 1865    0.203    0.264    0.177    0.073    0.041    0.211    0.133    0.053    0.297    0.263    0.228    0.228
 1866    0.061    0.188    0.223    0.141    0.185    0.361    0.291    0.269    0.158    0.150    0.277    0.286
 1867    0.321    0.293    0.396    0.305    0.167    0.098    0.117    0.080    0.012   -0.019    0.122   -0.043
 1868    0.071    0.140    0.212    0.270    0.197    0.336    0.415    0.213    0.156   -0.104   -0.047    0.132
 1869   -0.104    0.101    0.087    0.254    0.292    0.225    0.290    0.144    0.104    0.003   -0.035   -0.078
 1870   -0.149    0.018   -0.033   -0.159   -0.020   -0.003   -0.031    0.109    0.159    0.166    0.182    0.117
 1871   -0.127   -0.110    0.138    0.188    0.151    0.140    0.181    0.066   -0.079   -0.139    0.004    0.095
 1872   -0.061   -0.045   -0.077   -0.065    0.185    0.225    0.293    0.392    0.424    0.055   -0.026   -0.043
 1873    0.062    0.013    0.049    0.053   -0.041   -0.032    0.092    0.052    0.153    0.089    0.069    0.147
 1874    0.059   -0.105   -0.111   -0.083    0.023    0.170    0.107   -0.006    0.188   -0.033   -0.051   -0.283
 1875   -0.159    0.074    0.043    0.025    0.171    0.177    0.011    0.098    0.146    0.078   -0.052   -0.069
 1876   -0.198   -0.068   -0.084   -0.063   -0.064    0.002    0.123    0.182    0.156   -0.047   -0.074   -0.010
 1877    0.014    0.165    0.249    0.154    0.263    0.333    0.309    0.372    0.272    0.241    0.310    0.328
 1878    0.250    0.343    0.353    0.652    0.533    0.636    0.429    0.596    0.557    0.328    0.382    0.479
 1879    0.332    0.388    0.028    0.046    0.254    0.185    0.093    0.024   -0.014    0.070    0.077    0.127
 1880    0.085    0.013    0.098   -0.029   -0.131   -0.003    0.127    0.111    0.263    0.239    0.156   -0.076
 1881    0.178    0.132    0.199    0.230    0.123    0.129    0.017    0.054   -0.014   -0.060   -0.296   -0.085
 1882   -0.122   -0.089   -0.023   -0.119   -0.121    0.009    0.070    0.079    0.052   -0.005    0.024    0.027
 1883   -0.037   -0.154   -0.142    0.038    0.045   -0.019   -0.033    0.029   -0.080   -0.102    0.005    0.146
 1884    0.044   -0.130   -0.097   -0.050   -0.035    0.149   -0.017    0.005   -0.138   -0.131   -0.327   -0.100
 1885   -0.052    0.060   -0.019   -0.235   -0.151   -0.116   -0.009    0.129    0.051    0.049    0.028    0.050
 1886    0.147    0.144    0.200    0.224    0.251    0.220    0.263    0.081    0.019   -0.002    0.004   -0.002
 1887   -0.081   -0.069   -0.005   -0.047    0.063    0.238    0.357    0.223    0.176    0.260    0.204    0.206
 1888    0.258    0.195    0.280    0.147    0.154    0.277    0.212    0.171    0.174    0.280    0.153    0.104
 1889    0.262    0.269    0.343    0.324    0.325    0.237    0.087    0.107    0.115    0.115    0.188    0.062
 1890    0.042    0.026   -0.028   -0.143   -0.135   -0.091   -0.244   -0.289   -0.248   -0.071   -0.260   -0.237
 1891   -0.264   -0.074    0.086    0.122    0.190    0.176    0.255    0.112    0.020    0.038   -0.226    0.031
 1892    0.074    0.135    0.108    0.016   -0.116   -0.134   -0.240   -0.094   -0.202   -0.170   -0.265   -0.165
 1893   -0.090   -0.042   -0.031   -0.143   -0.123    0.137    0.190    0.174    0.063   -0.047    0.035   -0.144
 1894   -0.136   -0.154   -0.174   -0.271   -0.346   -0.311   -0.214   -0.225   -0.214   -0.323   -0.301   -0.215
 1895   -0.103   -0.071   -0.251   -0.279   -0.194   -0.094   -0.060   -0.082    0.086    0.084   -0.096   -0.037
 1896   -0.055    0.045   -0.028    0.059    0.269    0.201    0.113    0.092    0.325    0.170    0.056    0.066
 1897    0.090    0.142    0.313    0.257    0.172    0.108    0.106    0.027    0.056    0.085   -0.005   -0.004
 1898   -0.007    0.066    0.116    0.070    0.099    0.218    0.225    0.148    0.114   -0.019   -0.121    0.009
 1899   -0.057   -0.043    0.000    0.094    0.211    0.196    0.120    0.278    0.138    0.100    0.209    0.308
 1900    0.217    0.212    0.071    0.174    0.007    0.010    0.102    0.009    0.059    0.126    0.054    0.146
 1901    0.058    0.196    0.169    0.161    0.091    0.228    0.194    0.192    0.013   -0.098   -0.069   -0.056
 1902   -0.107   -0.023   -0.014   -0.140   -0.081   -0.242   -0.282   -0.162    0.008    0.025   -0.108   -0.077
 1903   -0.033    0.061   -0.050   -0.061   -0.136   -0.168   -0.155   -0.437   -0.448   -0.358   -0.231   -0.285
 1904   -0.344   -0.366   -0.372   -0.415   -0.390   -0.423   -0.330   -0.342   -0.472   -0.364   -0.192   -0.148
 1905   -0.219   -0.176   -0.353   -0.167   -0.057   -0.166   -0.048   -0.137   -0.350   -0.246   -0.263   -0.239
 1906   -0.067   -0.027   -0.048   -0.039   -0.155    0.013   -0.002   -0.060   -0.115   -0.136   -0.013   -0.221
 1907   -0.181   -0.345   -0.250   -0.157   -0.145   -0.250   -0.277   -0.311   -0.174   -0.216   -0.224   -0.187
 1908   -0.228   -0.229   -0.237   -0.206   -0.160   -0.060    0.027    0.011   -0.085   -0.118   -0.152   -0.119
 1909   -0.102   -0.140   -0.099   -0.146   -0.004   -0.126   -0.165   -0.080   -0.112   -0.149   -0.289   -0.232
 1910   -0.305   -0.249   -0.258   -0.308   -0.339   -0.359   -0.287   -0.257   -0.104   -0.188   -0.076   -0.240
 1911   -0.251   -0.251   -0.306   -0.318   -0.342   -0.237   -0.166   -0.064   -0.117   -0.112   -0.229   -0.171
 1912   -0.235   -0.258   -0.217   -0.167   -0.114   -0.149   -0.256   -0.394   -0.243   -0.249   -0.222   -0.234
 1913   -0.306   -0.211   -0.224   -0.440   -0.448   -0.566   -0.438   -0.434   -0.428   -0.381   -0.455   -0.326
 1914   -0.223   -0.319   -0.406   -0.384   -0.263   -0.377   -0.431   -0.370   -0.189   -0.113   -0.184   -0.228
 1915   -0.129   -0.117   -0.004    0.051    0.261    0.293    0.317    0.212    0.196    0.029   -0.007    0.011
 1916   -0.040   -0.100   -0.093   -0.119    0.019    0.028   -0.075   -0.017   -0.004   -0.075   -0.241   -0.209
 1917   -0.294   -0.350   -0.402   -0.306   -0.254   -0.152   -0.210   -0.192   -0.282   -0.342   -0.320   -0.260
 1918   -0.102   -0.176   -0.118   -0.179   -0.239   -0.420   -0.367   -0.391   -0.365   -0.259   -0.300   -0.225
 1919   -0.227   -0.060   -0.193   -0.057   -0.165   -0.223   -0.284   -0.191   -0.193   -0.143   -0.228   -0.291
 1920   -0.462   -0.404   -0.452   -0.335   -0.253   -0.282   -0.276   -0.304   -0.277   -0.268   -0.428   -0.304
 1921   -0.291   -0.274   -0.318   -0.265   -0.251   -0.248   -0.109   -0.247   -0.226   -0.055   -0.263   -0.121
 1922   -0.206   -0.243   -0.341   -0.411   -0.318   -0.332   -0.377   -0.309   -0.368   -0.287   -0.352   -0.325
 1923   -0.364   -0.461   -0.405   -0.430   -0.282   -0.314   -0.322   -0.426   -0.370   -0.265   -0.216   -0.062
 1924   -0.132   -0.200   -0.105   -0.058    0.044   -0.098   -0.127   -0.138   -0.205   -0.237   -0.317   -0.288
 1925   -0.327   -0.312   -0.240   -0.181   -0.079   -0.191   -0.146   -0.133   -0.121   -0.088   -0.174    0.045
 1926    0.032    0.105    0.045    0.107    0.123    0.066    0.139    0.050    0.039    0.175    0.024    0.087
 1927    0.078    0.074    0.037    0.066    0.189    0.151    0.153    0.155    0.102    0.170    0.134   -0.027
 1928   -0.049   -0.097   -0.096   -0.102    0.014    0.064    0.083    0.099    0.085    0.039   -0.054   -0.093
 1929   -0.090   -0.103   -0.092   -0.018   -0.113   -0.195   -0.182   -0.157   -0.067   -0.056   -0.117   -0.188
 1930   -0.126   -0.178   -0.097   -0.213   -0.113   -0.083    0.057    0.067    0.285    0.199    0.150    0.140
 1931    0.112    0.063    0.145    0.148    0.222    0.266    0.191    0.148    0.261    0.316    0.056    0.169
 1932    0.173    0.227    0.245    0.209    0.152    0.241    0.268    0.384    0.333    0.235    0.134    0.093
 1933    0.085    0.154    0.088    0.208    0.289    0.241    0.277    0.278    0.240    0.328    0.077   -0.001
 1934   -0.114   -0.192   -0.214   -0.096   -0.115    0.031    0.168    0.077    0.139    0.167    0.014   -0.008
 1935    0.039   -0.138   -0.153    0.051    0.138    0.106    0.059    0.002   -0.040   -0.022    0.017    0.097
 1936    0.134    0.142    0.190    0.193    0.164    0.189    0.191    0.210    0.170    0.100    0.016    0.044
 1937    0.051    0.082    0.095    0.066    0.127    0.446    0.607    0.587    0.503    0.293    0.252    0.349
 1938    0.207    0.148    0.195    0.233    0.199    0.164    0.200    0.294    0.304    0.350    0.315    0.214
 1939    0.131    0.074   -0.036    0.091    0.101    0.173    0.321    0.318    0.295    0.006   -0.157   -0.084
 1940    0.058   -0.198   -0.148   -0.037   -0.003    0.010    0.092    0.101    0.020   -0.054   -0.136   -0.142
 1941   -0.066    0.091    0.127    0.060    0.033   -0.023    0.084    0.275    0.300    0.411    0.388    0.322
 1942    0.131    0.194    0.188    0.200    0.205    0.256    0.096    0.141    0.220    0.199    0.192    0.088
 1943    0.125    0.092   -0.106   -0.140   -0.127   -0.080    0.013    0.012    0.072    0.076    0.139    0.224
 1944    0.297    0.314    0.419    0.311    0.288    0.344    0.358    0.440    0.414    0.363    0.269    0.270
 1945    0.257    0.346    0.362    0.408    0.306    0.171    0.081    0.104    0.082    0.099    0.182    0.135
 1946    0.274    0.188    0.128    0.059    0.087   -0.103   -0.207   -0.167   -0.020   -0.018   -0.067   -0.037
 1947   -0.176   -0.130   -0.094   -0.099   -0.157   -0.155   -0.159   -0.102   -0.053   -0.092    0.045    0.031
 1948   -0.018   -0.030    0.025   -0.073   -0.007    0.052   -0.042   -0.025   -0.055    0.005    0.132    0.060
 1949    0.151    0.158    0.036    0.096   -0.026   -0.001    0.069    0.100    0.068    0.101    0.105    0.115
 1950    0.108   -0.036   -0.108   -0.133   -0.061   -0.045   -0.058    0.018    0.007   -0.093    0.077    0.086
 1951    0.100   -0.004    0.010    0.166    0.170    0.287    0.419    0.301    0.247    0.256    0.172    0.172
 1952    0.169    0.180    0.228    0.188    0.178    0.380    0.370    0.401    0.359    0.352    0.248    0.338
 1953    0.262    0.182    0.139    0.310    0.339    0.273    0.341    0.255    0.277    0.145    0.241    0.255
 1954    0.224    0.092    0.098   -0.017    0.067    0.096   -0.048   -0.018   -0.014   -0.035   -0.030   -0.054
 1955    0.073    0.037    0.038    0.092    0.173    0.190    0.265    0.171    0.200    0.276    0.383    0.253
 1956    0.183    0.091    0.010    0.060   -0.061   -0.268   -0.094   -0.102   -0.093   -0.046   -0.090    0.015
 1957   -0.084   -0.110   -0.023   -0.077   -0.125   -0.016    0.036    0.198    0.217    0.146    0.080    0.075
 1958    0.045    0.185    0.340    0.342    0.197    0.217    0.160    0.157    0.208    0.148    0.181    0.215
 1959    0.096    0.110   -0.031   -0.008    0.003   -0.064   -0.036    0.008    0.121    0.108    0.046    0.105
 1960    0.172    0.212    0.084    0.092    0.298    0.314    0.266    0.331    0.206    0.292    0.245    0.133
 1961    0.056    0.076    0.144    0.222    0.189    0.028   -0.024    0.031   -0.002    0.024    0.062    0.208
 1962    0.144    0.147    0.160    0.082    0.018   -0.076   -0.013   -0.068   -0.001    0.060    0.041    0.185
 1963    0.152    0.161    0.128    0.098   -0.090   -0.052   -0.041   -0.079   -0.208   -0.077   -0.063   -0.066
 1964   -0.081    0.016    0.034   -0.152    0.035   -0.002   -0.150   -0.240   -0.226   -0.277   -0.172   -0.127
 1965   -0.204   -0.183   -0.083   -0.103   -0.104   -0.133   -0.194   -0.216   -0.228   -0.254   -0.282   -0.129
 1966   -0.082    0.004   -0.016    0.038   -0.005   -0.051   -0.062   -0.050   -0.006    0.007   -0.003    0.074
 1967    0.075    0.082   -0.040   -0.022   -0.193   -0.267   -0.237   -0.171   -0.103   -0.106   -0.241   -0.159
 1968   -0.253   -0.205   -0.215   -0.162   -0.130   -0.269   -0.236   -0.220   -0.157   -0.120   -0.115   -0.134
 1969   -0.070    0.098    0.200    0.142    0.003    0.021    0.087   -0.108   -0.114   -0.192   -0.131   -0.039
 1970   -0.017   -0.055    0.012    0.013   -0.054   -0.189   -0.207   -0.148   -0.145   -0.203   -0.247   -0.217
 1971   -0.253   -0.299   -0.317   -0.420   -0.334   -0.370   -0.357   -0.442   -0.373   -0.242   -0.250   -0.315
 1972   -0.325   -0.387   -0.446   -0.333   -0.476   -0.495   -0.382   -0.390   -0.310   -0.293   -0.284   -0.358
 1973   -0.381   -0.400   -0.351   -0.271   -0.176   -0.182   -0.110   -0.140   -0.138   -0.222   -0.216   -0.245
 1974   -0.282   -0.290   -0.408   -0.530   -0.507   -0.454   -0.521   -0.474   -0.512   -0.514   -0.432   -0.367
 1975   -0.279   -0.345   -0.316   -0.352   -0.395   -0.302   -0.278   -0.192   -0.342   -0.360   -0.348   -0.328
 1976   -0.391   -0.448   -0.500   -0.433   -0.495   -0.490   -0.314   -0.192   -0.200   -0.300   -0.422   -0.438
 1977   -0.396   -0.340   -0.189   -0.224   -0.176   -0.114   -0.112   -0.151   -0.238   -0.230   -0.149   -0.211
 1978   -0.112   -0.154   -0.165   -0.201   -0.210   -0.339   -0.283   -0.233   -0.196   -0.214   -0.126   -0.189
 1979   -0.199   -0.157   -0.234   -0.243   -0.124   -0.048   -0.100   -0.121   -0.115   -0.094   -0.091   -0.065
 1980   -0.007   -0.084   -0.144   -0.006    0.124    0.103    0.045    0.018   -0.013   -0.067   -0.202   -0.255
 1981   -0.182   -0.181    0.000   -0.096   -0.085   -0.063   -0.095   -0.116   -0.037   -0.188   -0.138   -0.007
 1982   -0.082   -0.079   -0.081   -0.183   -0.192   -0.185   -0.229   -0.310   -0.308   -0.372   -0.418   -0.381
 1983   -0.299   -0.105    0.080    0.058   -0.049   -0.055   -0.016   -0.159   -0.216   -0.196   -0.159   -0.004
 1984   -0.107   -0.089   -0.126   -0.158   -0.167   -0.325   -0.267   -0.227   -0.210   -0.345   -0.425   -0.319
 1985   -0.355   -0.330   -0.357   -0.402   -0.338   -0.129   -0.154   -0.283   -0.249   -0.246   -0.296   -0.338
 1986   -0.344   -0.276   -0.294   -0.326   -0.230   -0.263   -0.250   -0.274   -0.221   -0.320   -0.399   -0.373
 1987   -0.279   -0.219   -0.034    0.028    0.066    0.201    0.278    0.278    0.192    0.045   -0.072    0.041
 1988   -0.044   -0.118   -0.013    0.048    0.134    0.162    0.105   -0.013   -0.100   -0.176   -0.152   -0.169
 1989   -0.226   -0.161   -0.258   -0.295   -0.152    0.085    0.172    0.107   -0.100   -0.129   -0.155   -0.159
 1990   -0.304   -0.167   -0.184   -0.123   -0.064   -0.062   -0.028    0.047    0.141    0.107   -0.059   -0.042
 1991   -0.201   -0.123   -0.075   -0.139   -0.160   -0.136   -0.114   -0.115   -0.044   -0.269   -0.268   -0.221
 1992   -0.198   -0.101   -0.100   -0.191   -0.229   -0.158   -0.227   -0.388   -0.377   -0.308   -0.342   -0.292
 1993   -0.248   -0.194   -0.252   -0.181   -0.172   -0.189   -0.285   -0.237   -0.173   -0.251   -0.327   -0.302
 1994   -0.305   -0.317   -0.287   -0.209   -0.215   -0.230   -0.240   -0.244   -0.161   -0.068   -0.028   -0.100
 1995   -0.071   -0.049    0.007    0.067    0.262    0.355    0.305    0.174    0.044    0.092    0.117    0.032
 1996   -0.019   -0.042   -0.067   -0.000   -0.075   -0.133   -0.114   -0.018   -0.011   -0.154   -0.183   -0.165
 1997   -0.101   -0.045   -0.005   -0.002    0.030   -0.001    0.051    0.005    0.099    0.140    0.041    0.121
 1998    0.120    0.282    0.312    0.281    0.374    0.479    0.478    0.502    0.402    0.372    0.307    0.269
 1999    0.041    0.047    0.059    0.042    0.152    0.170    0.188    0.297    0.175    0.007   -0.059    0.004
 2000   -0.094   -0.048    0.093    0.032    0.095   -0.028    0.062    0.093    0.091   -0.050   -0.063   -0.137
 2001   -0.138   -0.037    0.004   -0.022   -0.019    0.188    0.125    0.167    0.276    0.241    0.146    0.203
 2002    0.171    0.155    0.134    0.017   -0.059   -0.127   -0.076    0.096    0.069    0.101    0.009   -0.006
 2003    0.040   -0.023    0.102    0.069    0.141    0.195    0.266    0.405    0.441    0.416    0.213    0.214
 2004    0.200    0.199    0.147    0.098   -0.005    0.167    0.217    0.306    0.230    0.232    0.210    0.177
 2005    0.100    0.115    0.274    0.281    0.283    0.316    0.436    0.429    0.408    0.227    0.129    0.206
 2006    0.113    0.064    0.049    0.187    0.298    0.323    0.364    0.390    0.353    0.324    0.278    0.161
 2007    0.160    0.206    0.116    0.148    0.101    0.078    0.118    0.044    0.087    0.147    0.166    0.100
 2008    0.020    0.118    0.148    0.032    0.162    0.245    0.195    0.164    0.188    0.092   -0.010    0.008
 2009   -0.070   -0.175   -0.171   -0.141   -0.072    0.111    0.217    0.142    0.046    0.153    0.058    0.072
 2010    0.029    0.166    0.276    0.415    0.449    0.437    0.439    0.514    0.438    0.313    0.225    0.197
 2011    0.133    0.097    0.044    0.081    0.141    0.167    0.080    0.136    0.133    0.052   -0.082   -0.056
 2012   -0.076   -0.007    0.014    0.069    0.153    0.289    0.364    0.420    0.437    0.318    0.154    0.130
 2013    0.117    0.104    0.147    0.125    0.090    0.035    0.179    0.183    0.243    0.335    0.117    0.025
 2014   -0.073   -0.054   -0.092   -0.105   -0.013    0.051    0.210    0.323    0.298    0.280    0.053    0.047
 2015   -0.020   -0.015   -0.141   -0.083    0.033    0.017    0.120    0.166    0.288    0.313    0.175    0.217
 2016    0.219    0.144    0.176    0.165    0.332    0.397    0.420    0.445    0.446    0.368    0.378    0.323
 2017    0.213    0.215    0.155    0.271    0.302    0.296    0.290    0.298    0.338    0.421    0.340    0.352
 2018    0.161    0.050    0.120    0.051   -0.013   -0.023    0.005    0.100    0.150    0.131   -0.133   -0.072
 2019   -0.027    0.068    0.109    0.111    0.076    0.161    0.340    0.326    0.233    0.146    0.098    0.152
 2020    0.084    0.344    0.356    0.358    0.254    0.260    0.352    0.436    0.307    0.300    0.123    0.173
 2021    0.137    0.150    0.123    0.065    0.082  -99.990  -99.990  -99.990  -99.990  -99.990  -99.990  -99.990
